intersect_bp,f_orig_query,f_match,f_unique_to_query,f_unique_weighted,average_abund,median_abund,std_abund,filename,name,md5,f_match_orig,unique_intersect_bp,gather_result_rank,remaining_bp,query_filename,query_name,query_md5,query_bp,ksize,moltype,scaled,query_n_hashes,query_abundance,query_containment_ani,match_containment_ani,average_containment_ani,max_containment_ani,potential_false_negative,n_unique_weighted_found,sum_weighted_found,total_weighted_hashes,lineage
110000,0.028871391076115485,0.02570093457943925,0.028871391076115485,0.04048892284186402,4.818181818181818,4.0,3.9270201939009413,/group/ctbrowngrp5/sourmash-db.new/gtdb-rs226/gtdb-rs226-k51.dna.rocksdb,GCA_004562005.1 bacterium,96578991664abd2275b71f54014299fa,0.02570093457943925,110000,0,3700000,outputs.mapping/bams.cds.rand/SRR7182060.x.s__JALFVM01 sp022787145.fastq.gz,SRR7182060.x.s__JALFVM01 sp022787145,c47e3fc8,3810000,51,DNA,10000,381,True,0.9328527418265475,0.9307274607000469,0.9317901012632972,0.9328527418265475,False,53,53,1309,d__Bacteria;p__Bacillota;c__Clostridia;o__Lachnospirales;f__Lachnospiraceae;g__Roseburia;s__Roseburia inulinivorans
80000,0.02099737532808399,0.021220159151193633,0.02099737532808399,0.029029793735676088,4.75,4.0,3.766629793329841,/group/ctbrowngrp5/sourmash-db.new/gtdb-rs226/gtdb-rs226-k51.dna.rocksdb,GCA_027665105.1 Lachnospiraceae bacterium AF90S-19M2BA,fd13e045d00d220e8c35518d49cd9e45,0.021220159151193633,80000,1,3620000,outputs.mapping/bams.cds.rand/SRR7182060.x.s__JALFVM01 sp022787145.fastq.gz,SRR7182060.x.s__JALFVM01 sp022787145,c47e3fc8,3810000,51,DNA,10000,381,True,0.9270459794456766,0.9272378466950962,0.9271419130703864,0.9272378466950962,False,38,91,1309,d__Bacteria;p__Bacillota;c__Clostridia;o__Lachnospirales;f__Lachnospiraceae;g__Pilosibacter;s__Pilosibacter fragilis
80000,0.02099737532808399,0.03571428571428571,0.02099737532808399,0.025210084033613446,4.125,2.0,4.013648589500581,/group/ctbrowngrp5/sourmash-db.new/gtdb-rs226/gtdb-rs226-k51.dna.rocksdb,GCA_945868435.1 uncultured Lachnospiraceae bacterium,531bbdb6d68dad49e318688bbf3f99ec,0.03571428571428571,80000,2,3540000,outputs.mapping/bams.cds.rand/SRR7182060.x.s__JALFVM01 sp022787145.fastq.gz,SRR7182060.x.s__JALFVM01 sp022787145,c47e3fc8,3810000,51,DNA,10000,381,True,0.9270459794456766,0.9367514032259207,0.9318986913357986,0.9367514032259207,False,33,124,1309,d__Bacteria;p__Bacillota;c__Clostridia;o__Lachnospirales;f__Lachnospiraceae;g__Agathobacter;s__Agathobacter sp945868435
70000,0.01837270341207349,0.019021739130434784,0.01837270341207349,0.05576776165011459,10.428571428571429,9.0,7.499659856232393,/group/ctbrowngrp5/sourmash-db.new/gtdb-rs226/gtdb-rs226-k51.dna.rocksdb,GCF_001461035.1 Acetivibrio ethanolgignens,2c87d6e0353c52133f9d0ebfd5aafc8e,0.019021739130434784,70000,3,3470000,outputs.mapping/bams.cds.rand/SRR7182060.x.s__JALFVM01 sp022787145.fastq.gz,SRR7182060.x.s__JALFVM01 sp022787145,c47e3fc8,3810000,51,DNA,10000,381,True,0.9246219044460371,0.9252515222079629,0.924936713327,0.9252515222079629,False,73,197,1309,d__Bacteria;p__Bacillota;c__Clostridia;o__Lachnospirales;f__Lachnospiraceae;g__Velocimicrobium;s__Velocimicrobium ethanolgignens
90000,0.023622047244094488,0.015765765765765764,0.01837270341207349,0.04201680672268908,7.857142857142857,6.0,5.816935163286381,/group/ctbrowngrp5/sourmash-db.new/gtdb-rs226/gtdb-rs226-k51.dna.rocksdb,GCF_020731525.1 Roseburia inulinivorans DSM 16841,b1e9f68d57ff5c0cb20a4cb3ad79b686,0.02027027027027027,70000,4,3400000,outputs.mapping/bams.cds.rand/SRR7182060.x.s__JALFVM01 sp022787145.fastq.gz,SRR7182060.x.s__JALFVM01 sp022787145,c47e3fc8,3810000,51,DNA,10000,381,True,0.9291894396945308,0.9264055910268365,0.9277975153606837,0.9291894396945308,False,55,252,1309,d__Bacteria;p__Bacillota;c__Clostridia;o__Lachnospirales;f__Lachnospiraceae;g__Roseburia;s__Roseburia inulinivorans
50000,0.013123359580052493,0.009157509157509158,0.013123359580052493,0.16195569136745608,42.4,8.0,72.92900657488761,/group/ctbrowngrp5/sourmash-db.new/gtdb-rs226/gtdb-rs226-k51.dna.rocksdb,GCF_015548495.1 Bacteroides fragilis,4d667b78b335031c3509e90de793f50d,0.009157509157509158,50000,5,3350000,outputs.mapping/bams.cds.rand/SRR7182060.x.s__JALFVM01 sp022787145.fastq.gz,SRR7182060.x.s__JALFVM01 sp022787145,c47e3fc8,3810000,51,DNA,10000,381,True,0.9185417950058158,0.9120840271636347,0.9153129110847252,0.9185417950058158,True,212,464,1309,d__Bacteria;p__Bacteroidota;c__Bacteroidia;o__Bacteroidales;f__Bacteroidaceae;g__Bacteroides;s__Bacteroides fragilis
40000,0.010498687664041995,0.00909090909090909,0.010498687664041995,0.030557677616501147,10.0,6.5,9.82344135219425,/group/ctbrowngrp5/sourmash-db.new/gtdb-rs226/gtdb-rs226-k51.dna.rocksdb,GCF_000169255.2 Pseudoflavonifractor capillosus ATCC 29799,d4725743bf7377b9b1586882d9ae2d62,0.00909090909090909,40000,6,3310000,outputs.mapping/bams.cds.rand/SRR7182060.x.s__JALFVM01 sp022787145.fastq.gz,SRR7182060.x.s__JALFVM01 sp022787145,c47e3fc8,3810000,51,DNA,10000,381,True,0.9145316199167911,0.9119534957754483,0.9132425578461196,0.9145316199167911,True,40,504,1309,d__Bacteria;p__Bacillota;c__Clostridia;o__Oscillospirales;f__Oscillospiraceae;g__Pseudoflavonifractor;s__Pseudoflavonifractor capillosus
70000,0.01837270341207349,0.009925558312655087,0.010498687664041995,0.0053475935828877,1.75,1.5,0.82915619758885,/group/ctbrowngrp5/sourmash-db.new/gtdb-rs226/gtdb-rs226-k51.dna.rocksdb,GCA_022782205.1 Lachnospiraceae bacterium,5d1fe08c84b2c770dab5488addf16ba5,0.017369727047146403,40000,7,3270000,outputs.mapping/bams.cds.rand/SRR7182060.x.s__JALFVM01 sp022787145.fastq.gz,SRR7182060.x.s__JALFVM01 sp022787145,c47e3fc8,3810000,51,DNA,10000,381,True,0.9246219044460371,0.9236047060926478,0.9241133052693424,0.9246219044460371,False,7,511,1309,d__Bacteria;p__Bacillota;c__Clostridia;o__Lachnospirales;f__Lachnospiraceae;g__Oliverpabstia;s__Oliverpabstia sp004556655
50000,0.013123359580052493,0.010178117048346057,0.010498687664041995,0.0038197097020626434,1.25,1.0,0.4330127018922193,/group/ctbrowngrp5/sourmash-db.new/gtdb-rs226/gtdb-rs226-k51.dna.rocksdb,GCA_900066135.1 uncultured Clostridium sp.,d47495959904e43aaf103ff1f6028fd3,0.01272264631043257,40000,8,3230000,outputs.mapping/bams.cds.rand/SRR7182060.x.s__JALFVM01 sp022787145.fastq.gz,SRR7182060.x.s__JALFVM01 sp022787145,c47e3fc8,3810000,51,DNA,10000,381,True,0.9185417950058158,0.9179834510753254,0.9182626230405706,0.9185417950058158,True,5,516,1309,d__Bacteria;p__Bacillota;c__Clostridia;o__Lachnospirales;f__Lachnospiraceae;g__Limivivens;s__Limivivens sp900066135
50000,0.013123359580052493,0.01606425702811245,0.010498687664041995,0.015278838808250574,5.0,5.0,2.8284271247461903,/group/ctbrowngrp5/sourmash-db.new/gtdb-rs226/gtdb-rs226-k51.dna.rocksdb,GCA_945913035.1 uncultured Lachnospiraceae bacterium,a02b8b1755705a18eacc9ed0c26ba9d2,0.020080321285140562,40000,9,3190000,outputs.mapping/bams.cds.rand/SRR7182060.x.s__JALFVM01 sp022787145.fastq.gz,SRR7182060.x.s__JALFVM01 sp022787145,c47e3fc8,3810000,51,DNA,10000,381,True,0.9185417950058158,0.9262345850931617,0.9223881900494888,0.9262345850931617,True,20,536,1309,d__Bacteria;p__Bacillota;c__Clostridia;o__Lachnospirales;f__Lachnospiraceae;g__CAG-194;s__CAG-194 sp000432915
70000,0.01837270341207349,0.011461318051575931,0.010498687664041995,0.0038197097020626434,1.25,1.0,0.4330127018922193,/group/ctbrowngrp5/sourmash-db.new/gtdb-rs226/gtdb-rs226-k51.dna.rocksdb,GCF_037572415.1 Pseudoflavonifractor sp. P01024,853b74ff0e971a8d04e588dd92eaa919,0.02005730659025788,40000,10,3150000,outputs.mapping/bams.cds.rand/SRR7182060.x.s__JALFVM01 sp022787145.fastq.gz,SRR7182060.x.s__JALFVM01 sp022787145,c47e3fc8,3810000,51,DNA,10000,381,True,0.9246219044460371,0.926213757959842,0.9254178312029395,0.926213757959842,False,5,541,1309,d__Bacteria;p__Bacillota;c__Clostridia;o__Oscillospirales;f__Oscillospiraceae;g__Flavonifractor;s__Flavonifractor sp022785125
70000,0.01837270341207349,0.011594202898550725,0.010498687664041995,0.014514896867838044,4.75,6.0,2.165063509461097,/group/ctbrowngrp5/sourmash-db.new/gtdb-rs226/gtdb-rs226-k51.dna.rocksdb,GCF_964242535.1 Mediterraneibacter gnavus CC55_001C,8b944c66e21ec7eb2b3807f21dc4c203,0.020289855072463767,40000,11,3110000,outputs.mapping/bams.cds.rand/SRR7182060.x.s__JALFVM01 sp022787145.fastq.gz,SRR7182060.x.s__JALFVM01 sp022787145,c47e3fc8,3810000,51,DNA,10000,381,True,0.9246219044460371,0.9264231332662419,0.9255225188561396,0.9264231332662419,False,19,560,1309,d__Bacteria;p__Bacillota;c__Clostridia;o__Lachnospirales;f__Lachnospiraceae;g__Ruminococcus_B;s__Ruminococcus_B gnavus
70000,0.01837270341207349,0.008955223880597015,0.007874015748031496,0.004583651642475172,2.0,1.0,1.4142135623730951,/group/ctbrowngrp5/sourmash-db.new/gtdb-rs226/gtdb-rs226-k51.dna.rocksdb,GCA_963558015.1 uncultured Acetatifactor sp.,c4b24070efc5d3de83ee68bb02d1dae6,0.020895522388059702,30000,12,3080000,outputs.mapping/bams.cds.rand/SRR7182060.x.s__JALFVM01 sp022787145.fastq.gz,SRR7182060.x.s__JALFVM01 sp022787145,c47e3fc8,3810000,51,DNA,10000,381,True,0.9246219044460371,0.9269575952905772,0.9257897498683072,0.9269575952905772,False,6,566,1309,d__Bacteria;p__Bacillota;c__Clostridia;o__Lachnospirales;f__Lachnospiraceae;g__Acetatifactor;s__Acetatifactor sp945929965
40000,0.010498687664041995,0.010273972602739725,0.007874015748031496,0.002291825821237586,1.0,1.0,0.0,/group/ctbrowngrp5/sourmash-db.new/gtdb-rs226/gtdb-rs226-k51.dna.rocksdb,GCA_945963325.1 uncultured Clostridium sp.,c72e40e1317e7f0af39a23d82804a2a6,0.0136986301369863,30000,13,3050000,outputs.mapping/bams.cds.rand/SRR7182060.x.s__JALFVM01 sp022787145.fastq.gz,SRR7182060.x.s__JALFVM01 sp022787145,c47e3fc8,3810000,51,DNA,10000,381,True,0.9145316199167911,0.9193148122519929,0.916923216084392,0.9193148122519929,True,3,569,1309,d__Bacteria;p__Bacillota;c__Clostridia;o__Lachnospirales;f__Lachnospiraceae;g__Suilimivivens;s__Suilimivivens sp017622575
50000,0.013123359580052493,0.008797653958944282,0.007874015748031496,0.006875477463712758,3.0,4.0,1.4142135623730951,/group/ctbrowngrp5/sourmash-db.new/gtdb-rs226/gtdb-rs226-k51.dna.rocksdb,GCA_022782645.1 bacterium,0b15c84544bf68c0fe2a5b3bb65b7da1,0.01466275659824047,30000,14,3020000,outputs.mapping/bams.cds.rand/SRR7182060.x.s__JALFVM01 sp022787145.fastq.gz,SRR7182060.x.s__JALFVM01 sp022787145,c47e3fc8,3810000,51,DNA,10000,381,True,0.9185417950058158,0.9205416513817468,0.9195417231937812,0.9205416513817468,True,9,578,1309,d__Bacteria;p__Bacillota;c__Clostridia;o__Lachnospirales;f__Lachnospiraceae;g__Roseburia;s__Roseburia inulinivorans
30000,0.007874015748031496,0.009933774834437087,0.007874015748031496,0.002291825821237586,1.0,1.0,0.0,/group/ctbrowngrp5/sourmash-db.new/gtdb-rs226/gtdb-rs226-k51.dna.rocksdb,GCA_028722045.1 bacterium,39f8c9df71787001b6251961aced0198,0.009933774834437087,30000,15,2990000,outputs.mapping/bams.cds.rand/SRR7182060.x.s__JALFVM01 sp022787145.fastq.gz,SRR7182060.x.s__JALFVM01 sp022787145,c47e3fc8,3810000,51,DNA,10000,381,True,0.9093874295165494,0.9135403441435254,0.9114638868300373,0.9135403441435254,True,3,581,1309,d__Bacteria;p__Bacillota;c__Clostridia;o__Lachnospirales;f__Lachnospiraceae;g__W0P33-017;s__W0P33-017 sp022773965
70000,0.01837270341207349,0.007389162561576354,0.007874015748031496,0.0030557677616501145,1.3333333333333333,1.0,0.4714045207910317,/group/ctbrowngrp5/sourmash-db.new/gtdb-rs226/gtdb-rs226-k51.dna.rocksdb,GCA_004562915.1 bacterium,d96ecbfc025f2a4a4d374ec049847024,0.017241379310344827,30000,16,2960000,outputs.mapping/bams.cds.rand/SRR7182060.x.s__JALFVM01 sp022787145.fastq.gz,SRR7182060.x.s__JALFVM01 sp022787145,c47e3fc8,3810000,51,DNA,10000,381,True,0.9246219044460371,0.9234704020446912,0.9240461532453641,0.9246219044460371,False,4,585,1309,d__Bacteria;p__Bacillota;c__Clostridia;o__Lachnospirales;f__Lachnospiraceae;g__Oliverpabstia;s__Oliverpabstia sp004562915
30000,0.007874015748031496,0.008426966292134831,0.007874015748031496,0.0053475935828877,2.3333333333333335,1.0,1.8856180831641267,/group/ctbrowngrp5/sourmash-db.new/gtdb-rs226/gtdb-rs226-k51.dna.rocksdb,GCA_937893895.1 uncultured Roseburia sp.,4bf8bcb119f52dc20b4bb2aab4c4362e,0.008426966292134831,30000,17,2930000,outputs.mapping/bams.cds.rand/SRR7182060.x.s__JALFVM01 sp022787145.fastq.gz,SRR7182060.x.s__JALFVM01 sp022787145,c47e3fc8,3810000,51,DNA,10000,381,True,0.9093874295165494,0.9105984094504824,0.9099929194835159,0.9105984094504824,True,7,592,1309,d__Bacteria;p__Bacillota;c__Clostridia;o__Lachnospirales;f__Lachnospiraceae;g__Roseburia;s__Roseburia sp022771695
30000,0.007874015748031496,0.011363636363636364,0.007874015748031496,0.012987012987012988,5.666666666666667,6.0,0.4714045207910317,/group/ctbrowngrp5/sourmash-db.new/gtdb-rs226/gtdb-rs226-k51.dna.rocksdb,GCA_945917315.1 uncultured Lachnobacterium sp.,b3c85573bddb32fae48404a53c1b9314,0.011363636363636364,30000,18,2900000,outputs.mapping/bams.cds.rand/SRR7182060.x.s__JALFVM01 sp022787145.fastq.gz,SRR7182060.x.s__JALFVM01 sp022787145,c47e3fc8,3810000,51,DNA,10000,381,True,0.9093874295165494,0.9159523659199715,0.9126698977182605,0.9159523659199715,True,17,609,1309,d__Bacteria;p__Bacillota;c__Clostridia;o__Lachnospirales;f__Lachnospiraceae;g__Agathobacter;s__Agathobacter sp900543445
30000,0.007874015748031496,0.005249343832020997,0.005249343832020997,0.0038197097020626434,2.5,2.5,1.5,/group/ctbrowngrp5/sourmash-db.new/gtdb-rs226/gtdb-rs226-k51.dna.rocksdb,GCA_022771935.1 bacterium,46b1c2d1d8bb09a95671470ba00d748b,0.007874015748031496,20000,19,2880000,outputs.mapping/bams.cds.rand/SRR7182060.x.s__JALFVM01 sp022787145.fastq.gz,SRR7182060.x.s__JALFVM01 sp022787145,c47e3fc8,3810000,51,DNA,10000,381,True,0.9093874295165494,0.9093874295165494,0.9093874295165494,0.9093874295165494,True,5,614,1309,d__Bacteria;p__Bacillota;c__Clostridia;o__Lachnospirales;f__Lachnospiraceae;g__Oliverpabstia;s__Oliverpabstia sp004562915
20000,0.005249343832020997,0.0038535645472061657,0.005249343832020997,0.024446142093200916,16.0,16.0,2.0,/group/ctbrowngrp5/sourmash-db.new/gtdb-rs226/gtdb-rs226-k51.dna.rocksdb,GCF_039842095.1 Parabacteroides distasonis,9ffd0f8d005b31f353b7c466ea1362f2,0.0038535645472061657,20000,20,2860000,outputs.mapping/bams.cds.rand/SRR7182060.x.s__JALFVM01 sp022787145.fastq.gz,SRR7182060.x.s__JALFVM01 sp022787145,c47e3fc8,3810000,51,DNA,10000,381,True,0.9021861939660565,0.8967346953941991,0.8994604446801278,0.9021861939660565,True,32,646,1309,d__Bacteria;p__Bacteroidota;c__Bacteroidia;o__Bacteroidales;f__Tannerellaceae;g__Parabacteroides;s__Parabacteroides distasonis
30000,0.007874015748031496,0.006896551724137931,0.005249343832020997,0.0015278838808250573,1.0,1.0,0.0,/group/ctbrowngrp5/sourmash-db.new/gtdb-rs226/gtdb-rs226-k51.dna.rocksdb,GCA_945877945.1 uncultured Clostridia bacterium,4ee1ded38b6064222e99ba5b00a3150b,0.010344827586206896,20000,21,2840000,outputs.mapping/bams.cds.rand/SRR7182060.x.s__JALFVM01 sp022787145.fastq.gz,SRR7182060.x.s__JALFVM01 sp022787145,c47e3fc8,3810000,51,DNA,10000,381,True,0.9093874295165494,0.9142669171027965,0.911827173309673,0.9142669171027965,True,2,648,1309,d__Bacteria;p__Bacillota;c__Clostridia;o__Oscillospirales;f__Oscillospiraceae;g__Faecousia;s__Faecousia sp016302405
70000,0.01837270341207349,0.003669724770642202,0.005249343832020997,0.0015278838808250573,1.0,1.0,0.0,/group/ctbrowngrp5/sourmash-db.new/gtdb-rs226/gtdb-rs226-k51.dna.rocksdb,GCF_009696275.1 Eisenbergiella porci,4e7fad02eba6485d3812b6d5d0b4a220,0.012844036697247707,20000,22,2820000,outputs.mapping/bams.cds.rand/SRR7182060.x.s__JALFVM01 sp022787145.fastq.gz,SRR7182060.x.s__JALFVM01 sp022787145,c47e3fc8,3810000,51,DNA,10000,381,True,0.9246219044460371,0.9181543928767961,0.9213881486614166,0.9246219044460371,False,2,650,1309,d__Bacteria;p__Bacillota;c__Clostridia;o__Lachnospirales;f__Lachnospiraceae;g__Eisenbergiella;s__Eisenbergiella porci
60000,0.015748031496062992,0.006191950464396285,0.005249343832020997,0.0038197097020626434,2.5,2.5,1.5,/group/ctbrowngrp5/sourmash-db.new/gtdb-rs226/gtdb-rs226-k51.dna.rocksdb,GCF_002161375.1 Anaerotignum lactatifermentans,8b458dc750da73a4850a6da04bba4461,0.018575851393188854,20000,23,2800000,outputs.mapping/bams.cds.rand/SRR7182060.x.s__JALFVM01 sp022787145.fastq.gz,SRR7182060.x.s__JALFVM01 sp022787145,c47e3fc8,3810000,51,DNA,10000,381,True,0.921831396456757,0.9248212884205945,0.9233263424386757,0.9248212884205945,True,5,655,1309,d__Bacteria;p__Bacillota;c__Clostridia;o__Lachnospirales;f__Anaerotignaceae;g__Anaerotignum;s__Anaerotignum lactatifermentans
90000,0.023622047244094488,0.004228329809725159,0.005249343832020997,0.0053475935828877,3.5,3.5,2.5,/group/ctbrowngrp5/sourmash-db.new/gtdb-rs226/gtdb-rs226-k51.dna.rocksdb,GCF_039060295.1 Ruminococcus sp. 2227st1_E6_2227SCRN_220401,3b736584ca7d51c5e97ffcc914537695,0.019027484143763214,20000,24,2780000,outputs.mapping/bams.cds.rand/SRR7182060.x.s__JALFVM01 sp022787145.fastq.gz,SRR7182060.x.s__JALFVM01 sp022787145,c47e3fc8,3810000,51,DNA,10000,381,True,0.9291894396945308,0.9252570007646772,0.927223220229604,0.9291894396945308,False,7,662,1309,d__Bacteria;p__Bacillota;c__Clostridia;o__Lachnospirales;f__Lachnospiraceae;g__Blautia_A;s__Blautia_A faecis
30000,0.007874015748031496,0.00510204081632653,0.005249343832020997,0.014514896867838044,9.5,9.5,8.5,/group/ctbrowngrp5/sourmash-db.new/gtdb-rs226/gtdb-rs226-k51.dna.rocksdb,GCA_034116325.1 Prevotella sp.,e4dc07bb9206f79f367a8777c6d769f4,0.007653061224489796,20000,25,2760000,outputs.mapping/bams.cds.rand/SRR7182060.x.s__JALFVM01 sp022787145.fastq.gz,SRR7182060.x.s__JALFVM01 sp022787145,c47e3fc8,3810000,51,DNA,10000,381,True,0.9093874295165494,0.9088800533142347,0.909133741415392,0.9093874295165494,True,19,681,1309,d__Bacteria;p__Bacteroidota;c__Bacteroidia;o__Bacteroidales;f__Bacteroidaceae;g__Prevotella;s__Prevotella sp022764085
40000,0.010498687664041995,0.0057306590257879654,0.005249343832020997,0.019098548510313215,12.5,12.5,11.5,/group/ctbrowngrp5/sourmash-db.new/gtdb-rs226/gtdb-rs226-k51.dna.rocksdb,GCA_900066595.1 uncultured Roseburia sp.,9e021dc0348b52ea12fa1d045f496c27,0.011461318051575931,20000,26,2740000,outputs.mapping/bams.cds.rand/SRR7182060.x.s__JALFVM01 sp022787145.fastq.gz,SRR7182060.x.s__JALFVM01 sp022787145,c47e3fc8,3810000,51,DNA,10000,381,True,0.9145316199167911,0.9161061017300057,0.9153188608233984,0.9161061017300057,True,25,706,1309,d__Bacteria;p__Bacillota;c__Clostridia;o__Lachnospirales;f__Lachnospiraceae;g__Brotonthovivens;s__Brotonthovivens ammoniilytica
30000,0.007874015748031496,0.005405405405405406,0.005249343832020997,0.002291825821237586,1.5,1.5,0.5,/group/ctbrowngrp5/sourmash-db.new/gtdb-rs226/gtdb-rs226-k51.dna.rocksdb,GCA_902472965.1 uncultured Roseburia sp.,f3bd53511f2508dc039f8e6242664418,0.008108108108108109,20000,27,2720000,outputs.mapping/bams.cds.rand/SRR7182060.x.s__JALFVM01 sp022787145.fastq.gz,SRR7182060.x.s__JALFVM01 sp022787145,c47e3fc8,3810000,51,DNA,10000,381,True,0.9093874295165494,0.9099099668427009,0.9096486981796251,0.9099099668427009,True,3,709,1309,d__Bacteria;p__Bacillota;c__Clostridia;o__Lachnospirales;f__Lachnospiraceae;g__COE1;s__COE1 sp900753305
30000,0.007874015748031496,0.009009009009009009,0.005249343832020997,0.007639419404125287,5.0,5.0,4.0,/group/ctbrowngrp5/sourmash-db.new/gtdb-rs226/gtdb-rs226-k51.dna.rocksdb,GCA_034118865.1 Agathobacter sp.,0a210112a55a5355a69cb41cac755dac,0.013513513513513514,20000,28,2700000,outputs.mapping/bams.cds.rand/SRR7182060.x.s__JALFVM01 sp022787145.fastq.gz,SRR7182060.x.s__JALFVM01 sp022787145,c47e3fc8,3810000,51,DNA,10000,381,True,0.9093874295165494,0.919069592463689,0.9142285109901191,0.919069592463689,True,10,719,1309,d__Bacteria;p__Bacillota;c__Clostridia;o__Lachnospirales;f__Lachnospiraceae;g__Agathobacter;s__Agathobacter sp945868435
20000,0.005249343832020997,0.007326007326007326,0.005249343832020997,0.002291825821237586,1.5,1.5,0.5,/group/ctbrowngrp5/sourmash-db.new/gtdb-rs226/gtdb-rs226-k51.dna.rocksdb,GCA_016303085.1 Acetatifactor sp.,adc1dc1736aa0165d04e2400d31df7c7,0.007326007326007326,20000,29,2680000,outputs.mapping/bams.cds.rand/SRR7182060.x.s__JALFVM01 sp022787145.fastq.gz,SRR7182060.x.s__JALFVM01 sp022787145,c47e3fc8,3810000,51,DNA,10000,381,True,0.9021861939660565,0.9081020454348602,0.9051441197004584,0.9081020454348602,True,3,722,1309,d__Bacteria;p__Bacillota;c__Clostridia;o__Lachnospirales;f__Lachnospiraceae;g__Acetatifactor;s__Acetatifactor sp016303085
50000,0.013123359580052493,0.003766478342749529,0.005249343832020997,0.0038197097020626434,2.5,2.5,1.5,/group/ctbrowngrp5/sourmash-db.new/gtdb-rs226/gtdb-rs226-k51.dna.rocksdb,GCF_040915925.1 Enterocloster clostridioformis,c3a58ef98df28b1384af5f8493fe16d6,0.009416195856873822,20000,30,2660000,outputs.mapping/bams.cds.rand/SRR7182060.x.s__JALFVM01 sp022787145.fastq.gz,SRR7182060.x.s__JALFVM01 sp022787145,c47e3fc8,3810000,51,DNA,10000,381,True,0.9185417950058158,0.9125823570379881,0.9155620760219019,0.9185417950058158,True,5,727,1309,d__Bacteria;p__Bacillota;c__Clostridia;o__Lachnospirales;f__Lachnospiraceae;g__Enterocloster;s__Enterocloster clostridioformis
20000,0.005249343832020997,0.0055248618784530384,0.005249343832020997,0.002291825821237586,1.5,1.5,0.5,/group/ctbrowngrp5/sourmash-db.new/gtdb-rs226/gtdb-rs226-k51.dna.rocksdb,GCA_034102685.1 Blautia sp.,58e7b9cad46da50357dbe65ff4ff01d0,0.0055248618784530384,20000,31,2640000,outputs.mapping/bams.cds.rand/SRR7182060.x.s__JALFVM01 sp022787145.fastq.gz,SRR7182060.x.s__JALFVM01 sp022787145,c47e3fc8,3810000,51,DNA,10000,381,True,0.9021861939660565,0.9030915789811151,0.9026388864735858,0.9030915789811151,True,3,730,1309,d__Bacteria;p__Bacillota;c__Clostridia;o__Lachnospirales;f__Lachnospiraceae;g__Blautia_A;s__Blautia_A sp022770365
20000,0.005249343832020997,0.009345794392523364,0.005249343832020997,0.0213903743315508,14.0,14.0,13.0,/group/ctbrowngrp5/sourmash-db.new/gtdb-rs226/gtdb-rs226-k51.dna.rocksdb,GCA_910577155.1 uncultured Mailhella sp.,2cc9e643771f9dd740d1008e682db4e0,0.009345794392523364,20000,32,2620000,outputs.mapping/bams.cds.rand/SRR7182060.x.s__JALFVM01 sp022787145.fastq.gz,SRR7182060.x.s__JALFVM01 sp022787145,c47e3fc8,3810000,51,DNA,10000,381,True,0.9021861939660565,0.9124480790702567,0.9073171365181566,0.9124480790702567,True,28,758,1309,d__Bacteria;p__Desulfobacterota_I;c__Desulfovibrionia;o__Desulfovibrionales;f__Desulfovibrionaceae;g__Taurinivorans;s__Taurinivorans sp910577155
20000,0.005249343832020997,0.009852216748768473,0.005249343832020997,0.0015278838808250573,1.0,1.0,0.0,/group/ctbrowngrp5/sourmash-db.new/gtdb-rs226/gtdb-rs226-k51.dna.rocksdb,GCF_018913905.1 Arcanobacterium phocae,483cf5f734f687b4c5a757a5cc91dc42,0.009852216748768473,20000,33,2600000,outputs.mapping/bams.cds.rand/SRR7182060.x.s__JALFVM01 sp022787145.fastq.gz,SRR7182060.x.s__JALFVM01 sp022787145,c47e3fc8,3810000,51,DNA,10000,381,True,0.9021861939660565,0.9133926837187871,0.9077894388424218,0.9133926837187871,True,2,760,1309,d__Bacteria;p__Actinomycetota;c__Actinomycetes;o__Actinomycetales;f__Actinomycetaceae;g__Arcanobacterium;s__Arcanobacterium phocae_A
20000,0.005249343832020997,0.00909090909090909,0.005249343832020997,0.012223071046600458,8.0,8.0,2.0,/group/ctbrowngrp5/sourmash-db.new/gtdb-rs226/gtdb-rs226-k51.dna.rocksdb,GCA_948767555.1 Duncaniella muris,2002747ebbc1653df31dea1344e64d1a,0.00909090909090909,20000,34,2580000,outputs.mapping/bams.cds.rand/SRR7182060.x.s__JALFVM01 sp022787145.fastq.gz,SRR7182060.x.s__JALFVM01 sp022787145,c47e3fc8,3810000,51,DNA,10000,381,True,0.9021861939660565,0.9119534957754483,0.9070698448707524,0.9119534957754483,True,16,776,1309,d__Bacteria;p__Bacteroidota;c__Bacteroidia;o__Bacteroidales;f__Muribaculaceae;g__Duncaniella;s__Duncaniella muris
20000,0.005249343832020997,0.01,0.005249343832020997,0.009931245225362872,6.5,6.5,3.5,/group/ctbrowngrp5/sourmash-db.new/gtdb-rs226/gtdb-rs226-k51.dna.rocksdb,GCA_004552135.1 Bacteroidales bacterium,a7d44adc74bf2a4bdcbed7985303d2cb,0.01,20000,35,2560000,outputs.mapping/bams.cds.rand/SRR7182060.x.s__JALFVM01 sp022787145.fastq.gz,SRR7182060.x.s__JALFVM01 sp022787145,c47e3fc8,3810000,51,DNA,10000,381,True,0.9021861939660565,0.9136593726391776,0.9079227833026171,0.9136593726391776,True,13,789,1309,d__Bacteria;p__Bacteroidota;c__Bacteroidia;o__Bacteroidales;f__UBA932;g__Cryptobacteroides;s__Cryptobacteroides sp004554455
10000,0.0026246719160104987,0.0029411764705882353,0.0026246719160104987,0.0007639419404125286,1.0,1.0,0.0,/group/ctbrowngrp5/sourmash-db.new/gtdb-rs226/gtdb-rs226-k51.dna.rocksdb,GCA_023439945.1 Bacillota bacterium,de1ea2a50af74b85ae3b3f8442c8a0ea,0.0029411764705882353,10000,36,2550000,outputs.mapping/bams.cds.rand/SRR7182060.x.s__JALFVM01 sp022787145.fastq.gz,SRR7182060.x.s__JALFVM01 sp022787145,c47e3fc8,3810000,51,DNA,10000,381,True,0.8900074211288785,0.8919965168149829,0.8910019689719307,0.8919965168149829,True,1,790,1309,d__Bacteria;p__Bacillota;c__Clostridia;o__Lachnospirales;f__Lachnospiraceae;g__Dorea;s__Dorea formicigenerans
20000,0.005249343832020997,0.002824858757062147,0.0026246719160104987,0.0015278838808250573,2.0,2.0,0.0,/group/ctbrowngrp5/sourmash-db.new/gtdb-rs226/gtdb-rs226-k51.dna.rocksdb,GCA_937921925.1 uncultured Oscillibacter sp.,3987b2326a561c16e73f35d4a53bc918,0.005649717514124294,10000,37,2540000,outputs.mapping/bams.cds.rand/SRR7182060.x.s__JALFVM01 sp022787145.fastq.gz,SRR7182060.x.s__JALFVM01 sp022787145,c47e3fc8,3810000,51,DNA,10000,381,True,0.9021861939660565,0.9034873844621032,0.9028367892140798,0.9034873844621032,True,2,792,1309,d__Bacteria;p__Bacillota;c__Clostridia;o__Oscillospirales;f__Oscillospiraceae;g__Oscillibacter;s__Oscillibacter sp900544105
10000,0.0026246719160104987,0.0024390243902439024,0.0026246719160104987,0.0007639419404125286,1.0,1.0,0.0,/group/ctbrowngrp5/sourmash-db.new/gtdb-rs226/gtdb-rs226-k51.dna.rocksdb,GCF_034188405.1 Clostridioides difficile,2edc2f19c7ab3e10ff866086a934d9f6,0.0024390243902439024,10000,38,2530000,outputs.mapping/bams.cds.rand/SRR7182060.x.s__JALFVM01 sp022787145.fastq.gz,SRR7182060.x.s__JALFVM01 sp022787145,c47e3fc8,3810000,51,DNA,10000,381,True,0.8900074211288785,0.8887281654477723,0.8893677932883255,0.8900074211288785,True,1,793,1309,d__Bacteria;p__Bacillota;c__Clostridia;o__Peptostreptococcales;f__Peptostreptococcaceae;g__Clostridioides;s__Clostridioides difficile
20000,0.005249343832020997,0.007692307692307693,0.0026246719160104987,0.0007639419404125286,1.0,1.0,0.0,/group/ctbrowngrp5/sourmash-db.new/gtdb-rs226/gtdb-rs226-k51.dna.rocksdb,GCA_035647315.1 Oscillospiraceae bacterium,a4676e5dd4d0ddeb3a953ce1c5b88f23,0.015384615384615385,10000,39,2520000,outputs.mapping/bams.cds.rand/SRR7182060.x.s__JALFVM01 sp022787145.fastq.gz,SRR7182060.x.s__JALFVM01 sp022787145,c47e3fc8,3810000,51,DNA,10000,381,True,0.9021861939660565,0.9214094865050211,0.9117978402355388,0.9214094865050211,True,1,794,1309,d__Bacteria;p__Bacillota;c__Clostridia;o__Saccharofermentanales;f__DTU023;g__DTU032;s__DTU032 sp012728535
10000,0.0026246719160104987,0.0030959752321981426,0.0026246719160104987,0.0030557677616501145,4.0,4.0,0.0,/group/ctbrowngrp5/sourmash-db.new/gtdb-rs226/gtdb-rs226-k51.dna.rocksdb,GCA_022737595.1 Lachnospiraceae bacterium,fdc5fb95c0f6c94dc35beac14b6f2d7e,0.0030959752321981426,10000,40,2510000,outputs.mapping/bams.cds.rand/SRR7182060.x.s__JALFVM01 sp022787145.fastq.gz,SRR7182060.x.s__JALFVM01 sp022787145,c47e3fc8,3810000,51,DNA,10000,381,True,0.8900074211288785,0.8928940943821623,0.8914507577555204,0.8928940943821623,True,4,798,1309,d__Bacteria;p__Bacillota;c__Clostridia;o__Lachnospirales;f__Lachnospiraceae;g__Faecalimonas;s__Faecalimonas phoceensis
60000,0.015748031496062992,0.002976190476190476,0.0026246719160104987,0.0015278838808250573,2.0,2.0,0.0,/group/ctbrowngrp5/sourmash-db.new/gtdb-rs226/gtdb-rs226-k51.dna.rocksdb,GCF_900143195.1 Butyricicoccus pullicaecorum,bca854ff5b4ae7cd4d03ea967a9f7f23,0.017857142857142856,10000,41,2500000,outputs.mapping/bams.cds.rand/SRR7182060.x.s__JALFVM01 sp022787145.fastq.gz,SRR7182060.x.s__JALFVM01 sp022787145,c47e3fc8,3810000,51,DNA,10000,381,True,0.921831396456757,0.9241060284450854,0.9229687124509212,0.9241060284450854,True,2,800,1309,d__Bacteria;p__Bacillota;c__Clostridia;o__Oscillospirales;f__Butyricicoccaceae;g__Butyricicoccus;s__Butyricicoccus pullicaecorum
10000,0.0026246719160104987,0.004098360655737705,0.0026246719160104987,0.006111535523300229,8.0,8.0,0.0,/group/ctbrowngrp5/sourmash-db.new/gtdb-rs226/gtdb-rs226-k51.dna.rocksdb,GCA_003446375.1 Eubacteriaceae bacterium,5f6e963d4e10ede6b8dc9ec3dcdb8987,0.004098360655737705,10000,42,2490000,outputs.mapping/bams.cds.rand/SRR7182060.x.s__JALFVM01 sp022787145.fastq.gz,SRR7182060.x.s__JALFVM01 sp022787145,c47e3fc8,3810000,51,DNA,10000,381,True,0.8900074211288785,0.8978182617731918,0.8939128414510351,0.8978182617731918,True,8,808,1309,d__Bacteria;p__Bacillota;c__Clostridia;o__Eubacteriales;f__Alkalibacteraceae;g__Alkalibacter;s__Alkalibacter sp003446375
20000,0.005249343832020997,0.002631578947368421,0.0026246719160104987,0.0030557677616501145,4.0,4.0,0.0,/group/ctbrowngrp5/sourmash-db.new/gtdb-rs226/gtdb-rs226-k51.dna.rocksdb,GCA_024399065.1 Fibrobacter sp.,8845ef7af15774a9c9b0e0f93c609b09,0.005263157894736842,10000,43,2480000,outputs.mapping/bams.cds.rand/SRR7182060.x.s__JALFVM01 sp022787145.fastq.gz,SRR7182060.x.s__JALFVM01 sp022787145,c47e3fc8,3810000,51,DNA,10000,381,True,0.9021861939660565,0.9022326864532024,0.9022094402096295,0.9022326864532024,True,4,812,1309,d__Bacteria;p__Fibrobacterota;c__Fibrobacteria;o__Fibrobacterales;f__Fibrobacteraceae;g__Fibrobacter;s__Fibrobacter sp024399065
10000,0.0026246719160104987,0.0053475935828877,0.0026246719160104987,0.0030557677616501145,4.0,4.0,0.0,/group/ctbrowngrp5/sourmash-db.new/gtdb-rs226/gtdb-rs226-k51.dna.rocksdb,GCA_905188155.1 uncultured Oscillospiraceae bacterium,41bacacd276d83b6faadb42fbb00b554,0.0053475935828877,10000,44,2470000,outputs.mapping/bams.cds.rand/SRR7182060.x.s__JALFVM01 sp022787145.fastq.gz,SRR7182060.x.s__JALFVM01 sp022787145,c47e3fc8,3810000,51,DNA,10000,381,True,0.8900074211288785,0.9025142881157426,0.8962608546223105,0.9025142881157426,True,4,816,1309,d__Bacteria;p__Bacillota;c__Clostridia;o__Oscillospirales;f__Oscillospiraceae;g__Vescimonas;s__Vescimonas sp900554275
10000,0.0026246719160104987,0.004545454545454545,0.0026246719160104987,0.0007639419404125286,1.0,1.0,0.0,/group/ctbrowngrp5/sourmash-db.new/gtdb-rs226/gtdb-rs226-k51.dna.rocksdb,GCA_948751085.1 uncultured Oscillospiraceae bacterium,ba40cdb1cebfa775676263524ca95551,0.004545454545454545,10000,45,2460000,outputs.mapping/bams.cds.rand/SRR7182060.x.s__JALFVM01 sp022787145.fastq.gz,SRR7182060.x.s__JALFVM01 sp022787145,c47e3fc8,3810000,51,DNA,10000,381,True,0.8900074211288785,0.8996428723837347,0.8948251467563066,0.8996428723837347,True,1,817,1309,d__Bacteria;p__Bacillota;c__Clostridia;o__Oscillospirales;f__Ruminococcaceae;g__Porcipelethomonas;s__Porcipelethomonas sp910588145
30000,0.007874015748031496,0.003355704697986577,0.0026246719160104987,0.007639419404125287,10.0,10.0,0.0,/group/ctbrowngrp5/sourmash-db.new/gtdb-rs226/gtdb-rs226-k51.dna.rocksdb,GCA_021531195.1 Xylanibacter brevis,0dfb71efc6b6aab26f5e21fb08385525,0.010067114093959731,10000,46,2450000,outputs.mapping/bams.cds.rand/SRR7182060.x.s__JALFVM01 sp022787145.fastq.gz,SRR7182060.x.s__JALFVM01 sp022787145,c47e3fc8,3810000,51,DNA,10000,381,True,0.9093874295165494,0.9137792129825895,0.9115833212495694,0.9137792129825895,True,10,827,1309,d__Bacteria;p__Bacteroidota;c__Bacteroidia;o__Bacteroidales;f__Bacteroidaceae;g__Prevotella;s__Prevotella sp002251295
10000,0.0026246719160104987,0.006666666666666667,0.0026246719160104987,0.002291825821237586,3.0,3.0,0.0,/group/ctbrowngrp5/sourmash-db.new/gtdb-rs226/gtdb-rs226-k51.dna.rocksdb,GCA_945915065.1 uncultured Clostridia bacterium,6d1f4f942ff3960496b8a9d2b1bcec92,0.006666666666666667,10000,47,2440000,outputs.mapping/bams.cds.rand/SRR7182060.x.s__JALFVM01 sp022787145.fastq.gz,SRR7182060.x.s__JALFVM01 sp022787145,c47e3fc8,3810000,51,DNA,10000,381,True,0.8900074211288785,0.9064243085270774,0.898215864827978,0.9064243085270774,True,3,830,1309,d__Bacteria;p__Bacillota;c__Clostridia;o__Oscillospirales;f__Oscillospiraceae;g__Vescimonas;s__Vescimonas sp945915065
10000,0.0026246719160104987,0.005494505494505495,0.0026246719160104987,0.0007639419404125286,1.0,1.0,0.0,/group/ctbrowngrp5/sourmash-db.new/gtdb-rs226/gtdb-rs226-k51.dna.rocksdb,GCA_946406105.1 uncultured Clostridia bacterium,890b4c0de8dfdfb20566b5290f9f3755,0.005494505494505495,10000,48,2430000,outputs.mapping/bams.cds.rand/SRR7182060.x.s__JALFVM01 sp022787145.fastq.gz,SRR7182060.x.s__JALFVM01 sp022787145,c47e3fc8,3810000,51,DNA,10000,381,True,0.8900074211288785,0.9029940210398251,0.8965007210843519,0.9029940210398251,True,1,831,1309,d__Bacteria;p__Bacillota;c__Clostridia;o__Oscillospirales;f__Acutalibacteraceae;g__Fimenecus;s__Fimenecus sp004556705
10000,0.0026246719160104987,0.0055248618784530384,0.0026246719160104987,0.002291825821237586,3.0,3.0,0.0,/group/ctbrowngrp5/sourmash-db.new/gtdb-rs226/gtdb-rs226-k51.dna.rocksdb,GCA_945877245.1 uncultured bacterium,ddc2e38a1a9b3ab33297e4b9ed49db7b,0.0055248618784530384,10000,49,2420000,outputs.mapping/bams.cds.rand/SRR7182060.x.s__JALFVM01 sp022787145.fastq.gz,SRR7182060.x.s__JALFVM01 sp022787145,c47e3fc8,3810000,51,DNA,10000,381,True,0.8900074211288785,0.9030915789811151,0.8965495000549968,0.9030915789811151,True,3,834,1309,d__Bacteria;p__Bacillota;c__Clostridia;o__Lachnospirales;f__Lachnospiraceae;g__Bariatricus;s__Bariatricus sp004560705
30000,0.007874015748031496,0.00186219739292365,0.0026246719160104987,0.0007639419404125286,1.0,1.0,0.0,/group/ctbrowngrp5/sourmash-db.new/gtdb-rs226/gtdb-rs226-k51.dna.rocksdb,GCA_032553655.1 Blautia producta,26e46def9b50ddac64652db68339eb00,0.00558659217877095,10000,50,2410000,outputs.mapping/bams.cds.rand/SRR7182060.x.s__JALFVM01 sp022787145.fastq.gz,SRR7182060.x.s__JALFVM01 sp022787145,c47e3fc8,3810000,51,DNA,10000,381,True,0.9093874295165494,0.9032883544180165,0.9063378919672829,0.9093874295165494,True,1,835,1309,d__Bacteria;p__Bacillota;c__Clostridia;o__Lachnospirales;f__Lachnospiraceae;g__Blautia;s__Blautia coccoides
10000,0.0026246719160104987,0.006097560975609756,0.0026246719160104987,0.0007639419404125286,1.0,1.0,0.0,/group/ctbrowngrp5/sourmash-db.new/gtdb-rs226/gtdb-rs226-k51.dna.rocksdb,GCA_945949335.1 uncultured Clostridia bacterium,837b6e3d2215f7d08174dc3dff5fd762,0.006097560975609756,10000,51,2400000,outputs.mapping/bams.cds.rand/SRR7182060.x.s__JALFVM01 sp022787145.fastq.gz,SRR7182060.x.s__JALFVM01 sp022787145,c47e3fc8,3810000,51,DNA,10000,381,True,0.8900074211288785,0.9048397878646056,0.8974236044967421,0.9048397878646056,True,1,836,1309,d__Bacteria;p__Bacillota;c__Clostridia;o__Oscillospirales;f__Oscillospiraceae;g__Vescimonas;s__Vescimonas sp900757415
20000,0.005249343832020997,0.004524886877828055,0.0026246719160104987,0.0007639419404125286,1.0,1.0,0.0,/group/ctbrowngrp5/sourmash-db.new/gtdb-rs226/gtdb-rs226-k51.dna.rocksdb,GCA_958434515.1 uncultured Eubacteriales bacterium,acb3a930f30254319b401acd3ffa9f34,0.00904977375565611,10000,52,2390000,outputs.mapping/bams.cds.rand/SRR7182060.x.s__JALFVM01 sp022787145.fastq.gz,SRR7182060.x.s__JALFVM01 sp022787145,c47e3fc8,3810000,51,DNA,10000,381,True,0.9021861939660565,0.9118724042710765,0.9070292991185664,0.9118724042710765,True,1,837,1309,d__Bacteria;p__Bacillota;c__Clostridia;o__Oscillospirales;f__CAG-272;g__CAG-448;s__CAG-448 sp003150135
10000,0.0026246719160104987,0.004149377593360996,0.0026246719160104987,0.0030557677616501145,4.0,4.0,0.0,/group/ctbrowngrp5/sourmash-db.new/gtdb-rs226/gtdb-rs226-k51.dna.rocksdb,GCA_963558445.1 uncultured Marvinbryantia sp.,c3ff6fd3994c0cc7834c07d4d5448ab8,0.004149377593360996,10000,53,2380000,outputs.mapping/bams.cds.rand/SRR7182060.x.s__JALFVM01 sp022787145.fastq.gz,SRR7182060.x.s__JALFVM01 sp022787145,c47e3fc8,3810000,51,DNA,10000,381,True,0.8900074211288785,0.8980360758706126,0.8940217484997456,0.8980360758706126,True,4,841,1309,d__Bacteria;p__Bacillota;c__Clostridia;o__Lachnospirales;f__Lachnospiraceae;g__Marvinbryantia;s__Marvinbryantia sp937915375
30000,0.007874015748031496,0.0019120458891013384,0.0026246719160104987,0.0007639419404125286,1.0,1.0,0.0,/group/ctbrowngrp5/sourmash-db.new/gtdb-rs226/gtdb-rs226-k51.dna.rocksdb,GCF_039753315.1 Enterocloster clostridioformis,97fd74d46467104892bfd70c2ea1e8cd,0.0057361376673040155,10000,54,2370000,outputs.mapping/bams.cds.rand/SRR7182060.x.s__JALFVM01 sp022787145.fastq.gz,SRR7182060.x.s__JALFVM01 sp022787145,c47e3fc8,3810000,51,DNA,10000,381,True,0.9093874295165494,0.9037563547239948,0.9065718921202721,0.9093874295165494,True,1,842,1309,d__Bacteria;p__Bacillota;c__Clostridia;o__Lachnospirales;f__Lachnospiraceae;g__Enterocloster;s__Enterocloster clostridioformis
10000,0.0026246719160104987,0.003115264797507788,0.0026246719160104987,0.0007639419404125286,1.0,1.0,0.0,/group/ctbrowngrp5/sourmash-db.new/gtdb-rs226/gtdb-rs226-k51.dna.rocksdb,GCA_027412955.1 Ferrimicrobium acidiphilum,c7319f185480015a9c06aef0e178a2f4,0.003115264797507788,10000,55,2360000,outputs.mapping/bams.cds.rand/SRR7182060.x.s__JALFVM01 sp022787145.fastq.gz,SRR7182060.x.s__JALFVM01 sp022787145,c47e3fc8,3810000,51,DNA,10000,381,True,0.8900074211288785,0.8930028450019822,0.8915051330654304,0.8930028450019822,True,1,843,1309,d__Bacteria;p__Actinomycetota;c__Acidimicrobiia;o__Acidimicrobiales;f__Acidimicrobiaceae;g__Ferrimicrobium;s__Ferrimicrobium acidiphilum
10000,0.0026246719160104987,0.002890173410404624,0.0026246719160104987,0.0007639419404125286,1.0,1.0,0.0,/group/ctbrowngrp5/sourmash-db.new/gtdb-rs226/gtdb-rs226-k51.dna.rocksdb,GCA_021771755.1 Lachnospiraceae bacterium,f2a63443a4c73b9fe05252039614e9ef,0.002890173410404624,10000,56,2350000,outputs.mapping/bams.cds.rand/SRR7182060.x.s__JALFVM01 sp022787145.fastq.gz,SRR7182060.x.s__JALFVM01 sp022787145,c47e3fc8,3810000,51,DNA,10000,381,True,0.8900074211288785,0.8916906117221329,0.8908490164255057,0.8916906117221329,True,1,844,1309,d__Bacteria;p__Bacillota;c__Clostridia;o__Lachnospirales;f__Lachnospiraceae;g__Blautia_A;s__Blautia_A sp021771755
10000,0.0026246719160104987,0.004405286343612335,0.0026246719160104987,0.0007639419404125286,1.0,1.0,0.0,/group/ctbrowngrp5/sourmash-db.new/gtdb-rs226/gtdb-rs226-k51.dna.rocksdb,GCA_002329675.1 Firmicutes bacterium UBA1426,00df0bf2b5de33a90e65ae4fcdcca71a,0.004405286343612335,10000,57,2340000,outputs.mapping/bams.cds.rand/SRR7182060.x.s__JALFVM01 sp022787145.fastq.gz,SRR7182060.x.s__JALFVM01 sp022787145,c47e3fc8,3810000,51,DNA,10000,381,True,0.8900074211288785,0.8990905118668127,0.8945489664978457,0.8990905118668127,True,1,845,1309,d__Bacteria;p__Bacillota;c__Clostridia;o__Peptostreptococcales;f__Anaerovoracaceae;g__UBA1426;s__UBA1426 sp002329675
40000,0.010498687664041995,0.0029585798816568047,0.0026246719160104987,0.0038197097020626434,5.0,5.0,0.0,/group/ctbrowngrp5/sourmash-db.new/gtdb-rs226/gtdb-rs226-k51.dna.rocksdb,GCA_022773565.1 Lachnospiraceae bacterium,22fb3c10dc1e4d51a67e4ee1e26e7869,0.011834319526627219,10000,58,2330000,outputs.mapping/bams.cds.rand/SRR7182060.x.s__JALFVM01 sp022787145.fastq.gz,SRR7182060.x.s__JALFVM01 sp022787145,c47e3fc8,3810000,51,DNA,10000,381,True,0.9145316199167911,0.9166815615804698,0.9156065907486304,0.9166815615804698,True,5,850,1309,d__Bacteria;p__Bacillota;c__Clostridia;o__Lachnospirales;f__Lachnospiraceae;g__Agathobacter;s__Agathobacter sp000434275
10000,0.0026246719160104987,0.002183406113537118,0.0026246719160104987,0.002291825821237586,3.0,3.0,0.0,/group/ctbrowngrp5/sourmash-db.new/gtdb-rs226/gtdb-rs226-k51.dna.rocksdb,GCA_023443745.1 Bacillota bacterium,f937fa7f08e864b4667e27e18f3410b0,0.002183406113537118,10000,59,2320000,outputs.mapping/bams.cds.rand/SRR7182060.x.s__JALFVM01 sp022787145.fastq.gz,SRR7182060.x.s__JALFVM01 sp022787145,c47e3fc8,3810000,51,DNA,10000,381,True,0.8900074211288785,0.8868009855505065,0.8884042033396925,0.8900074211288785,True,3,853,1309,d__Bacteria;p__Bacillota;c__Clostridia;o__DSM-8532;f__DSM-8532;g__DTU059;s__DTU059 sp023443745
20000,0.005249343832020997,0.0033222591362126247,0.0026246719160104987,0.008403361344537815,11.0,11.0,0.0,/group/ctbrowngrp5/sourmash-db.new/gtdb-rs226/gtdb-rs226-k51.dna.rocksdb,GCA_022771625.1 Prevotella sp.,f94923f2da488c81c7acffe33fea799e,0.006644518272425249,10000,60,2310000,outputs.mapping/bams.cds.rand/SRR7182060.x.s__JALFVM01 sp022787145.fastq.gz,SRR7182060.x.s__JALFVM01 sp022787145,c47e3fc8,3810000,51,DNA,10000,381,True,0.9021861939660565,0.9063651655579615,0.9042756797620091,0.9063651655579615,True,11,864,1309,d__Bacteria;p__Bacteroidota;c__Bacteroidia;o__Bacteroidales;f__Bacteroidaceae;g__Prevotella;s__Prevotella sp022771625
10000,0.0026246719160104987,0.0041841004184100415,0.0026246719160104987,0.006111535523300229,8.0,8.0,0.0,/group/ctbrowngrp5/sourmash-db.new/gtdb-rs226/gtdb-rs226-k51.dna.rocksdb,GCA_945641335.1 uncultured Lachnospiraceae bacterium,14ae6f77d2966b3194c8f9c1f260a056,0.0041841004184100415,10000,61,2300000,outputs.mapping/bams.cds.rand/SRR7182060.x.s__JALFVM01 sp022787145.fastq.gz,SRR7182060.x.s__JALFVM01 sp022787145,c47e3fc8,3810000,51,DNA,10000,381,True,0.8900074211288785,0.8981828266298771,0.8940951238793778,0.8981828266298771,True,8,872,1309,d__Bacteria;p__Bacillota;c__Clostridia;o__Lachnospirales;f__Lachnospiraceae;g__Suilimivivens;s__Suilimivivens sp018384375
10000,0.0026246719160104987,0.002849002849002849,0.0026246719160104987,0.024446142093200916,32.0,32.0,0.0,/group/ctbrowngrp5/sourmash-db.new/gtdb-rs226/gtdb-rs226-k51.dna.rocksdb,GCA_017413205.1 Lachnospiraceae bacterium,7ef862d76bb285b98667bcc977a03ba7,0.002849002849002849,10000,62,2290000,outputs.mapping/bams.cds.rand/SRR7182060.x.s__JALFVM01 sp022787145.fastq.gz,SRR7182060.x.s__JALFVM01 sp022787145,c47e3fc8,3810000,51,DNA,10000,381,True,0.8900074211288785,0.8914397943560793,0.8907236077424789,0.8914397943560793,True,32,904,1309,d__Bacteria;p__Bacillota;c__Clostridia;o__Lachnospirales;f__Lachnospiraceae;g__CAG-411;s__CAG-411 sp902795895
50000,0.013123359580052493,0.0027624309392265192,0.0026246719160104987,0.0015278838808250573,2.0,2.0,0.0,/group/ctbrowngrp5/sourmash-db.new/gtdb-rs226/gtdb-rs226-k51.dna.rocksdb,GCF_015552275.1 Holdemania sp. 1001302B_160321_E10,91fa4ed59f9ea1df24e0e2923f8728d8,0.013812154696132596,10000,63,2280000,outputs.mapping/bams.cds.rand/SRR7182060.x.s__JALFVM01 sp022787145.fastq.gz,SRR7182060.x.s__JALFVM01 sp022787145,c47e3fc8,3810000,51,DNA,10000,381,True,0.9185417950058158,0.9194635936128721,0.9190026943093439,0.9194635936128721,True,2,906,1309,d__Bacteria;p__Bacillota;c__Bacilli;o__Erysipelotrichales;f__Erysipelotrichaceae;g__Holdemania;s__Holdemania sp900120005
10000,0.0026246719160104987,0.0038314176245210726,0.0026246719160104987,0.02750190985485103,36.0,36.0,0.0,/group/ctbrowngrp5/sourmash-db.new/gtdb-rs226/gtdb-rs226-k51.dna.rocksdb,GCF_902496205.1 uncultured Alistipes sp.,c85d4ee9a331997bebc6b0483c31efb2,0.0038314176245210726,10000,64,2270000,outputs.mapping/bams.cds.rand/SRR7182060.x.s__JALFVM01 sp022787145.fastq.gz,SRR7182060.x.s__JALFVM01 sp022787145,c47e3fc8,3810000,51,DNA,10000,381,True,0.8900074211288785,0.8966333577089488,0.8933203894189137,0.8966333577089488,True,36,942,1309,d__Bacteria;p__Bacteroidota;c__Bacteroidia;o__Bacteroidales;f__Rikenellaceae;g__Alistipes;s__Alistipes excrementigallinarum
30000,0.007874015748031496,0.002770083102493075,0.0026246719160104987,0.0007639419404125286,1.0,1.0,0.0,/group/ctbrowngrp5/sourmash-db.new/gtdb-rs226/gtdb-rs226-k51.dna.rocksdb,GCA_034180265.1 Lachnospiraceae bacterium,01856f1493fd8dad274f74a209cc92f8,0.008310249307479225,10000,65,2260000,outputs.mapping/bams.cds.rand/SRR7182060.x.s__JALFVM01 sp022787145.fastq.gz,SRR7182060.x.s__JALFVM01 sp022787145,c47e3fc8,3810000,51,DNA,10000,381,True,0.9093874295165494,0.9103494175542499,0.9098684235353997,0.9103494175542499,True,1,943,1309,d__Bacteria;p__Bacillota;c__Clostridia;o__Lachnospirales;f__Lachnospiraceae;g__Agathobacter;s__Agathobacter faecis
10000,0.0026246719160104987,0.0040650406504065045,0.0026246719160104987,0.0007639419404125286,1.0,1.0,0.0,/group/ctbrowngrp5/sourmash-db.new/gtdb-rs226/gtdb-rs226-k51.dna.rocksdb,GCA_945867825.1 uncultured Bacteroidales bacterium,118ba0244057194a69080722a40a3980,0.0040650406504065045,10000,66,2250000,outputs.mapping/bams.cds.rand/SRR7182060.x.s__JALFVM01 sp022787145.fastq.gz,SRR7182060.x.s__JALFVM01 sp022787145,c47e3fc8,3810000,51,DNA,10000,381,True,0.8900074211288785,0.8976745640706776,0.8938409925997781,0.8976745640706776,True,1,944,1309,d__Bacteria;p__Bacteroidota;c__Bacteroidia;o__Bacteroidales;f__Bacteroidaceae;g__Alloprevotella;s__Alloprevotella sp004556745
60000,0.015748031496062992,0.004629629629629629,0.0026246719160104987,0.0007639419404125286,1.0,1.0,0.0,/group/ctbrowngrp5/sourmash-db.new/gtdb-rs226/gtdb-rs226-k51.dna.rocksdb,GCF_036348815.1 Streptococcus suis,346da4969e90845fdb29790f7094649a,0.027777777777777776,10000,67,2240000,outputs.mapping/bams.cds.rand/SRR7182060.x.s__JALFVM01 sp022787145.fastq.gz,SRR7182060.x.s__JALFVM01 sp022787145,c47e3fc8,3810000,51,DNA,10000,381,True,0.921831396456757,0.9321466962947733,0.9269890463757652,0.9321466962947733,True,1,945,1309,d__Bacteria;p__Bacillota;c__Bacilli;o__Lactobacillales;f__Streptococcaceae;g__Streptococcus;s__Streptococcus suis
20000,0.005249343832020997,0.00425531914893617,0.0026246719160104987,0.0007639419404125286,1.0,1.0,0.0,/group/ctbrowngrp5/sourmash-db.new/gtdb-rs226/gtdb-rs226-k51.dna.rocksdb,GCF_902167575.1 Bifidobacterium breve,74633eed47b0368600b299cf2e060ad6,0.00851063829787234,10000,68,2230000,outputs.mapping/bams.cds.rand/SRR7182060.x.s__JALFVM01 sp022787145.fastq.gz,SRR7182060.x.s__JALFVM01 sp022787145,c47e3fc8,3810000,51,DNA,10000,381,True,0.9021861939660565,0.9107748346014192,0.9064805142837378,0.9107748346014192,True,1,946,1309,d__Bacteria;p__Actinomycetota;c__Actinomycetes;o__Actinomycetales;f__Bifidobacteriaceae;g__Bifidobacterium;s__Bifidobacterium breve
50000,0.013123359580052493,0.0033003300330033004,0.0026246719160104987,0.0015278838808250573,2.0,2.0,0.0,/group/ctbrowngrp5/sourmash-db.new/gtdb-rs226/gtdb-rs226-k51.dna.rocksdb,GCA_034090705.1 Roseburia inulinivorans,0ea1c2e8b8787c59883a4c44271e5379,0.0165016501650165,10000,69,2220000,outputs.mapping/bams.cds.rand/SRR7182060.x.s__JALFVM01 sp022787145.fastq.gz,SRR7182060.x.s__JALFVM01 sp022787145,c47e3fc8,3810000,51,DNA,10000,381,True,0.9185417950058158,0.9226767057592541,0.9206092503825349,0.9226767057592541,True,2,948,1309,d__Bacteria;p__Bacillota;c__Clostridia;o__Lachnospirales;f__Lachnospiraceae;g__Roseburia;s__Roseburia inulinivorans
20000,0.005249343832020997,0.0029498525073746312,0.0026246719160104987,0.0007639419404125286,1.0,1.0,0.0,/group/ctbrowngrp5/sourmash-db.new/gtdb-rs226/gtdb-rs226-k51.dna.rocksdb,GCA_963599035.1 Roseburia faecis,ccc9f21c2d5687845a19e7a5992ec155,0.0058997050147492625,10000,70,2210000,outputs.mapping/bams.cds.rand/SRR7182060.x.s__JALFVM01 sp022787145.fastq.gz,SRR7182060.x.s__JALFVM01 sp022787145,c47e3fc8,3810000,51,DNA,10000,381,True,0.9021861939660565,0.9042547320559273,0.9032204630109919,0.9042547320559273,True,1,949,1309,d__Bacteria;p__Bacillota;c__Clostridia;o__Lachnospirales;f__Lachnospiraceae;g__CAG-510;s__CAG-510 sp000434615
10000,0.0026246719160104987,0.002380952380952381,0.0026246719160104987,0.0007639419404125286,1.0,1.0,0.0,/group/ctbrowngrp5/sourmash-db.new/gtdb-rs226/gtdb-rs226-k51.dna.rocksdb,GCA_910579615.1 uncultured Lachnospiraceae bacterium,cb699c0bb6e4316d6cac68a7bee9f5e1,0.002380952380952381,10000,71,2200000,outputs.mapping/bams.cds.rand/SRR7182060.x.s__JALFVM01 sp022787145.fastq.gz,SRR7182060.x.s__JALFVM01 sp022787145,c47e3fc8,3810000,51,DNA,10000,381,True,0.8900074211288785,0.8883083396826394,0.8891578804057589,0.8900074211288785,True,1,950,1309,d__Bacteria;p__Bacillota;c__Clostridia;o__Lachnospirales;f__Lachnospiraceae;g__RGIG4057;s__RGIG4057 sp910579615
10000,0.0026246719160104987,0.003424657534246575,0.0026246719160104987,0.0007639419404125286,1.0,1.0,0.0,/group/ctbrowngrp5/sourmash-db.new/gtdb-rs226/gtdb-rs226-k51.dna.rocksdb,GCF_000424105.1 Lachnospira multipara ATCC 19207,ae0d8f036030ee0c0d044cee91d03736,0.003424657534246575,10000,72,2190000,outputs.mapping/bams.cds.rand/SRR7182060.x.s__JALFVM01 sp022787145.fastq.gz,SRR7182060.x.s__JALFVM01 sp022787145,c47e3fc8,3810000,51,DNA,10000,381,True,0.8900074211288785,0.8946623467567137,0.8923348839427961,0.8946623467567137,True,1,951,1309,d__Bacteria;p__Bacillota;c__Clostridia;o__Lachnospirales;f__Lachnospiraceae;g__Lachnospira;s__Lachnospira multipara
10000,0.0026246719160104987,0.003278688524590164,0.0026246719160104987,0.01145912910618793,15.0,15.0,0.0,/group/ctbrowngrp5/sourmash-db.new/gtdb-rs226/gtdb-rs226-k51.dna.rocksdb,GCA_902473455.1 uncultured Lachnospiraceae bacterium,e1271a7429f353a17ec63d968d861656,0.003278688524590164,10000,73,2180000,outputs.mapping/bams.cds.rand/SRR7182060.x.s__JALFVM01 sp022787145.fastq.gz,SRR7182060.x.s__JALFVM01 sp022787145,c47e3fc8,3810000,51,DNA,10000,381,True,0.8900074211288785,0.8938985616055892,0.8919529913672339,0.8938985616055892,True,15,966,1309,d__Bacteria;p__Bacillota;c__Clostridia;o__Lachnospirales;f__Lachnospiraceae;g__Acetatifactor;s__Acetatifactor sp900760705
30000,0.007874015748031496,0.0032258064516129032,0.0026246719160104987,0.0007639419404125286,1.0,1.0,0.0,/group/ctbrowngrp5/sourmash-db.new/gtdb-rs226/gtdb-rs226-k51.dna.rocksdb,GCA_034118265.1 Oliverpabstia sp.,51b4b1f52e5e07927a4ecdcfa5f3ca4f,0.00967741935483871,10000,74,2170000,outputs.mapping/bams.cds.rand/SRR7182060.x.s__JALFVM01 sp022787145.fastq.gz,SRR7182060.x.s__JALFVM01 sp022787145,c47e3fc8,3810000,51,DNA,10000,381,True,0.9093874295165494,0.913072135380062,0.9112297824483058,0.913072135380062,True,1,967,1309,d__Bacteria;p__Bacillota;c__Clostridia;o__Lachnospirales;f__Lachnospiraceae;g__Oliverpabstia;s__Oliverpabstia sp004556655
10000,0.0026246719160104987,0.0040650406504065045,0.0026246719160104987,0.0007639419404125286,1.0,1.0,0.0,/group/ctbrowngrp5/sourmash-db.new/gtdb-rs226/gtdb-rs226-k51.dna.rocksdb,GCA_938001885.1 uncultured Lachnospiraceae bacterium,a67945618f3f9f32645ad8514201ccbe,0.0040650406504065045,10000,75,2160000,outputs.mapping/bams.cds.rand/SRR7182060.x.s__JALFVM01 sp022787145.fastq.gz,SRR7182060.x.s__JALFVM01 sp022787145,c47e3fc8,3810000,51,DNA,10000,381,True,0.8900074211288785,0.8976745640706776,0.8938409925997781,0.8976745640706776,True,1,968,1309,d__Bacteria;p__Bacillota;c__Clostridia;o__Lachnospirales;f__Lachnospiraceae;g__Frisingicoccus;s__Frisingicoccus caecimuris
10000,0.0026246719160104987,0.004405286343612335,0.0026246719160104987,0.0015278838808250573,2.0,2.0,0.0,/group/ctbrowngrp5/sourmash-db.new/gtdb-rs226/gtdb-rs226-k51.dna.rocksdb,GCA_034176745.1 Bariatricus sp.,1eb43ecf72dc30a33425b9da308da439,0.004405286343612335,10000,76,2150000,outputs.mapping/bams.cds.rand/SRR7182060.x.s__JALFVM01 sp022787145.fastq.gz,SRR7182060.x.s__JALFVM01 sp022787145,c47e3fc8,3810000,51,DNA,10000,381,True,0.8900074211288785,0.8990905118668127,0.8945489664978457,0.8990905118668127,True,2,970,1309,d__Bacteria;p__Bacillota;c__Clostridia;o__Lachnospirales;f__Lachnospiraceae;g__Bariatricus;s__Bariatricus sp034176745
30000,0.007874015748031496,0.0028169014084507044,0.0026246719160104987,0.0007639419404125286,1.0,1.0,0.0,/group/ctbrowngrp5/sourmash-db.new/gtdb-rs226/gtdb-rs226-k51.dna.rocksdb,GCA_900766915.1 Lachnospiraceae bacterium,a460395f50841e7e1603909550d8ee50,0.008450704225352112,10000,77,2140000,outputs.mapping/bams.cds.rand/SRR7182060.x.s__JALFVM01 sp022787145.fastq.gz,SRR7182060.x.s__JALFVM01 sp022787145,c47e3fc8,3810000,51,DNA,10000,381,True,0.9093874295165494,0.9106486355403706,0.9100180325284599,0.9106486355403706,True,1,971,1309,d__Bacteria;p__Bacillota;c__Clostridia;o__Lachnospirales;f__Lachnospiraceae;g__HGM12587;s__HGM12587 sp900766915
10000,0.0026246719160104987,0.0036231884057971015,0.0026246719160104987,0.0015278838808250573,2.0,2.0,0.0,/group/ctbrowngrp5/sourmash-db.new/gtdb-rs226/gtdb-rs226-k51.dna.rocksdb,GCA_958445215.1 uncultured Eubacterium sp.,4a202b65619b8356848a07de301951d8,0.0036231884057971015,10000,78,2130000,outputs.mapping/bams.cds.rand/SRR7182060.x.s__JALFVM01 sp022787145.fastq.gz,SRR7182060.x.s__JALFVM01 sp022787145,c47e3fc8,3810000,51,DNA,10000,381,True,0.8900074211288785,0.8956514588158029,0.8928294399723407,0.8956514588158029,True,2,973,1309,d__Bacteria;p__Bacillota;c__Clostridia;o__Lachnospirales;f__Lachnospiraceae;g__Lachnospira;s__Lachnospira sp000437735
10000,0.0026246719160104987,0.003861003861003861,0.0026246719160104987,0.0007639419404125286,1.0,1.0,0.0,/group/ctbrowngrp5/sourmash-db.new/gtdb-rs226/gtdb-rs226-k51.dna.rocksdb,GCA_947630695.1 uncultured Lachnospiraceae bacterium,20d552e6a7532110df56c6a8c5efb1b6,0.003861003861003861,10000,79,2120000,outputs.mapping/bams.cds.rand/SRR7182060.x.s__JALFVM01 sp022787145.fastq.gz,SRR7182060.x.s__JALFVM01 sp022787145,c47e3fc8,3810000,51,DNA,10000,381,True,0.8900074211288785,0.8967686073925827,0.8933880142607307,0.8967686073925827,True,1,974,1309,d__Bacteria;p__Bacillota;c__Clostridia;o__Lachnospirales;f__Lachnospiraceae;g__CANRIM01;s__CANRIM01 sp947630695
10000,0.0026246719160104987,0.0034129692832764505,0.0026246719160104987,0.002291825821237586,3.0,3.0,0.0,/group/ctbrowngrp5/sourmash-db.new/gtdb-rs226/gtdb-rs226-k51.dna.rocksdb,GCA_034174405.1 Treponema sp.,015d51d8909cc5f634006f962788c942,0.0034129692832764505,10000,80,2110000,outputs.mapping/bams.cds.rand/SRR7182060.x.s__JALFVM01 sp022787145.fastq.gz,SRR7182060.x.s__JALFVM01 sp022787145,c47e3fc8,3810000,51,DNA,10000,381,True,0.8900074211288785,0.8946023746949219,0.8923048979119002,0.8946023746949219,True,3,977,1309,d__Bacteria;p__Spirochaetota;c__Spirochaetia;o__Treponematales;f__Treponemataceae;g__Treponema_D;s__Treponema_D sp016296655
10000,0.0026246719160104987,0.004524886877828055,0.0026246719160104987,0.0038197097020626434,5.0,5.0,0.0,/group/ctbrowngrp5/sourmash-db.new/gtdb-rs226/gtdb-rs226-k51.dna.rocksdb,GCA_963650935.1 bacterium,5cf77dce1a8f7431f7da1749665623bf,0.004524886877828055,10000,81,2100000,outputs.mapping/bams.cds.rand/SRR7182060.x.s__JALFVM01 sp022787145.fastq.gz,SRR7182060.x.s__JALFVM01 sp022787145,c47e3fc8,3810000,51,DNA,10000,381,True,0.8900074211288785,0.8995628755480881,0.8947851483384833,0.8995628755480881,True,5,982,1309,d__Bacteria;p__Bacillota;c__Clostridia;o__Lachnospirales;f__Lachnospiraceae;g__Butyrivibrio_A;s__Butyrivibrio_A crossota
10000,0.0026246719160104987,0.0036496350364963502,0.0026246719160104987,0.004583651642475172,6.0,6.0,0.0,/group/ctbrowngrp5/sourmash-db.new/gtdb-rs226/gtdb-rs226-k51.dna.rocksdb,GCA_945920195.1 uncultured Lachnospiraceae bacterium,f877cd44ae385eb150c28357a987bdc4,0.0036496350364963502,10000,82,2090000,outputs.mapping/bams.cds.rand/SRR7182060.x.s__JALFVM01 sp022787145.fastq.gz,SRR7182060.x.s__JALFVM01 sp022787145,c47e3fc8,3810000,51,DNA,10000,381,True,0.8900074211288785,0.895779190619195,0.8928933058740367,0.895779190619195,True,6,988,1309,d__Bacteria;p__Bacillota;c__Clostridia;o__Lachnospirales;f__Lachnospiraceae;g__UBA2882;s__UBA2882 sp017626095
10000,0.0026246719160104987,0.005208333333333333,0.0026246719160104987,0.0007639419404125286,1.0,1.0,0.0,/group/ctbrowngrp5/sourmash-db.new/gtdb-rs226/gtdb-rs226-k51.dna.rocksdb,GCA_934338065.1 uncultured Eubacterium sp.,637ad790815b605049724203e96c122b,0.005208333333333333,10000,83,2080000,outputs.mapping/bams.cds.rand/SRR7182060.x.s__JALFVM01 sp022787145.fastq.gz,SRR7182060.x.s__JALFVM01 sp022787145,c47e3fc8,3810000,51,DNA,10000,381,True,0.8900074211288785,0.9020474594102066,0.8960274402695425,0.9020474594102066,True,1,989,1309,d__Bacteria;p__Bacillota;c__Clostridia;o__Lachnospirales;f__Lachnospiraceae;g__Eubacterium_F;s__Eubacterium_F sp934338065
10000,0.0026246719160104987,0.0031645569620253164,0.0026246719160104987,0.002291825821237586,3.0,3.0,0.0,/group/ctbrowngrp5/sourmash-db.new/gtdb-rs226/gtdb-rs226-k51.dna.rocksdb,GCA_902778155.1 Oscillospiraceae bacterium,58c5ba79fec50f0365e06c50268cab4b,0.0031645569620253164,10000,84,2070000,outputs.mapping/bams.cds.rand/SRR7182060.x.s__JALFVM01 sp022787145.fastq.gz,SRR7182060.x.s__JALFVM01 sp022787145,c47e3fc8,3810000,51,DNA,10000,381,True,0.8900074211288785,0.8932777730178594,0.891642597073369,0.8932777730178594,True,3,992,1309,d__Bacteria;p__Bacillota;c__Clostridia;o__Oscillospirales;f__Oscillospiraceae;g__Limivicinus;s__Limivicinus sp902778665
10000,0.0026246719160104987,0.004166666666666667,0.0026246719160104987,0.0015278838808250573,2.0,2.0,0.0,/group/ctbrowngrp5/sourmash-db.new/gtdb-rs226/gtdb-rs226-k51.dna.rocksdb,GCA_037438225.1 Gemmiger sp.,ddc9272606e2a6a37c84b99cfe7ad161,0.004166666666666667,10000,85,2060000,outputs.mapping/bams.cds.rand/SRR7182060.x.s__JALFVM01 sp022787145.fastq.gz,SRR7182060.x.s__JALFVM01 sp022787145,c47e3fc8,3810000,51,DNA,10000,381,True,0.8900074211288785,0.8981092953870639,0.8940583582579712,0.8981092953870639,True,2,994,1309,d__Bacteria;p__Bacillota;c__Clostridia;o__Oscillospirales;f__Ruminococcaceae;g__Gemmiger;s__Gemmiger sp900539695
